org_id remap_id
2 0
4 1
5 2
9 3
10 4
11 5
12 6
13 7
14 8
16 9
21 10
23 11
25 12
26 13
27 14
28 15
29 16
31 17
33 18
35 19
36 20
37 21
39 22
40 23
41 24
43 25
46 26
47 27
48 28
49 29
50 30
51 31
55 32
57 33
58 34
59 35
60 36
61 37
62 38
63 39
64 40
65 41
66 42
70 43
73 44
75 45
78 46
79 47
84 48
87 49
90 50
91 51
95 52
96 53
97 54
99 55
101 56
102 57
104 58
109 59
110 60
111 61
114 62
117 63
118 64
119 65
120 66
123 67
124 68
126 69
127 70
129 71
133 72
135 73
136 74
137 75
140 76
143 77
144 78
147 79
149 80
150 81
152 82
153 83
154 84
155 85
157 86
159 87
161 88
162 89
163 90
164 91
168 92
170 93
171 94
172 95
173 96
174 97
175 98
176 99
177 100
178 101
182 102
183 103
184 104
186 105
187 106
189 107
190 108
192 109
196 110
198 111
202 112
203 113
205 114
208 115
209 116
210 117
211 118
214 119
217 120
218 121
224 122
225 123
227 124
228 125
229 126
232 127
234 128
235 129
236 130
237 131
240 132
241 133
243 134
248 135
249 136
250 137
252 138
255 139
261 140
262 141
263 142
264 143
265 144
266 145
267 146
273 147
274 148
277 149
278 150
280 151
282 152
283 153
285 154
289 155
290 156
292 157
295 158
297 159
298 160
299 161
302 162
304 163
307 164
308 165
310 166
312 167
313 168
316 169
317 170
320 171
321 172
325 173
326 174
329 175
334 176
336 177
340 178
342 179
346 180
347 181
349 182
351 183
352 184
354 185
355 186
357 187
358 188
359 189
361 190
362 191
364 192
369 193
370 194
372 195
377 196
378 197
380 198
383 199
387 200
388 201
390 202
391 203
392 204
393 205
395 206
396 207
398 208
399 209
403 210
405 211
406 212
408 213
411 214
413 215
414 216
415 217
417 218
418 219
421 220
423 221
427 222
428 223
430 224
431 225
433 226
435 227
436 228
439 229
440 230
441 231
446 232
447 233
450 234
453 235
454 236
455 237
458 238
459 239
460 240
465 241
470 242
472 243
473 244
474 245
475 246
477 247
480 248
484 249
487 250
488 251
490 252
491 253
492 254
493 255
494 256
496 257
499 258
502 259
503 260
507 261
511 262
513 263
515 264
516 265
517 266
521 267
525 268
529 269
530 270
531 271
535 272
536 273
539 274
540 275
541 276
543 277
544 278
545 279
546 280
548 281
549 282
551 283
556 284
557 285
562 286
563 287
565 288
566 289
567 290
569 291
571 292
574 293
575 294
578 295
579 296
580 297
581 298
582 299
583 300
595 301
596 302
601 303
604 304
605 305
606 306
608 307
609 308
612 309
614 310
616 311
622 312
624 313
625 314
627 315
628 316
631 317
633 318
636 319
641 320
643 321
644 322
645 323
646 324
647 325
649 326
650 327
651 328
654 329
656 330
657 331
658 332
659 333
660 334
662 335
670 336
671 337
673 338
675 339
676 340
677 341
678 342
679 343
681 344
682 345
683 346
685 347
686 348
688 349
689 350
690 351
691 352
692 353
694 354
697 355
698 356
699 357
704 358
705 359
706 360
707 361
709 362
710 363
711 364
712 365
714 366
715 367
717 368
720 369
723 370
725 371
728 372
734 373
736 374
737 375
739 376
741 377
743 378
744 379
747 380
749 381
750 382
751 383
753 384
754 385
756 386
757 387
758 388
759 389
761 390
763 391
764 392
765 393
769 394
771 395
772 396
776 397
778 398
779 399
780 400
784 401
785 402
790 403
791 404
792 405
794 406
797 407
798 408
800 409
801 410
807 411
809 412
812 413
813 414
814 415
818 416
821 417
822 418
823 419
824 420
825 421
828 422
829 423
831 424
835 425
836 426
837 427
839 428
843 429
845 430
846 431
847 432
848 433
849 434
852 435
858 436
859 437
860 438
862 439
864 440
869 441
870 442
873 443
876 444
877 445
884 446
886 447
887 448
888 449
889 450
890 451
895 452
896 453
897 454
898 455
899 456
900 457
904 458
905 459
906 460
907 461
908 462
909 463
910 464
912 465
914 466
916 467
917 468
919 469
920 470
921 471
922 472
924 473
926 474
927 475
931 476
933 477
935 478
936 479
938 480
939 481
940 482
941 483
942 484
943 485
948 486
950 487
952 488
953 489
954 490
955 491
960 492
961 493
962 494
964 495
966 496
968 497
969 498
972 499
976 500
977 501
978 502
979 503
981 504
984 505
985 506
989 507
993 508
994 509
996 510
997 511
999 512
1002 513
1003 514
1004 515
1006 516
1007 517
1008 518
1009 519
1010 520
1011 521
1012 522
1015 523
1016 524
1020 525
1021 526
1023 527
1024 528
1025 529
1026 530
1029 531
1030 532
1032 533
1036 534
1038 535
1040 536
1044 537
1049 538
1050 539
1051 540
1052 541
1054 542
1055 543
1060 544
1061 545
1062 546
1064 547
1070 548
1073 549
1074 550
1075 551
1079 552
1080 553
1081 554
1082 555
1084 556
1086 557
1088 558
1089 559
1091 560
1092 561
1093 562
1094 563
1097 564
1098 565
1100 566
1102 567
1103 568
1104 569
1108 570
1110 571
1112 572
1114 573
1118 574
1120 575
1124 576
1128 577
1130 578
1137 579
1138 580
1147 581
1148 582
1149 583
1150 584
1151 585
1152 586
1156 587
1157 588
1160 589
1161 590
1164 591
1165 592
1170 593
1171 594
1172 595
1174 596
1176 597
1177 598
1182 599
1183 600
1185 601
1186 602
1188 603
1189 604
1190 605
1191 606
1192 607
1193 608
1194 609
1195 610
1196 611
1198 612
1199 613
1202 614
1209 615
1210 616
1211 617
1212 618
1214 619
1215 620
1219 621
1220 622
1222 623
1223 624
1224 625
1228 626
1230 627
1231 628
1232 629
1233 630
1234 631
1235 632
1236 633
1237 634
1239 635
1242 636
1243 637
1245 638
1247 639
1248 640
1249 641
1253 642
1255 643
1258 644
1259 645
1261 646
1263 647
1267 648
1271 649
1273 650
1275 651
1277 652
1278 653
1279 654
1280 655
1282 656
1283 657
1284 658
1286 659
1287 660
1294 661
1295 662
1298 663
1302 664
1304 665
1308 666
1309 667
1313 668
1316 669
1319 670
1321 671
1322 672
1323 673
1324 674
1325 675
1327 676
1329 677
1330 678
1331 679
1334 680
1335 681
1336 682
1337 683
1339 684
1340 685
1342 686
1343 687
1346 688
1348 689
1349 690
1350 691
1351 692
1353 693
1354 694
1355 695
1356 696
1358 697
1360 698
1362 699
1363 700
1364 701
1366 702
1367 703
1372 704
1373 705
1374 706
1377 707
1380 708
1381 709
1387 710
1389 711
1393 712
1394 713
1395 714
1396 715
1402 716
1403 717
1404 718
1405 719
1408 720
1411 721
1416 722
1418 723
1419 724
1421 725
1423 726
1424 727
1426 728
1427 729
1428 730
1431 731
1432 732
1433 733
1437 734
1438 735
1440 736
1441 737
1442 738
1444 739
1445 740
1449 741
1450 742
1451 743
1452 744
1453 745
1454 746
1455 747
1457 748
1458 749
1461 750
1462 751
1463 752
1464 753
1465 754
1466 755
1469 756
1470 757
1472 758
1473 759
1478 760
1479 761
1480 762
1481 763
1483 764
1485 765
1486 766
1489 767
1490 768
1491 769
1492 770
1493 771
1496 772
1497 773
1498 774
1500 775
1501 776
1503 777
1505 778
1506 779
1508 780
1509 781
1514 782
1516 783
1517 784
1519 785
1520 786
1522 787
1525 788
1527 789
1533 790
1534 791
1535 792
1538 793
1539 794
1541 795
1543 796
1544 797
1545 798
1547 799
1549 800
1551 801
1552 802
1553 803
1557 804
1560 805
1562 806
1563 807
1567 808
1568 809
1570 810
1572 811
1573 812
1578 813
1579 814
1580 815
1581 816
1582 817
1584 818
1585 819
1589 820
1592 821
1594 822
1595 823
1596 824
1600 825
1601 826
1604 827
1605 828
1606 829
1607 830
1615 831
1616 832
1617 833
1618 834
1621 835
1622 836
1623 837
1624 838
1625 839
1629 840
1630 841
1633 842
1635 843
1636 844
1637 845
1639 846
1642 847
1643 848
1647 849
1650 850
1652 851
1653 852
1655 853
1656 854
1657 855
1661 856
1662 857
1664 858
1666 859
1667 860
1669 861
1672 862
1674 863
1676 864
1677 865
1678 866
1679 867
1682 868
1683 869
1686 870
1688 871
1689 872
1690 873
1694 874
1699 875
1700 876
1701 877
1702 878
1703 879
1704 880
1705 881
1706 882
1707 883
1708 884
1709 885
1710 886
1711 887
1712 888
1717 889
1718 890
1719 891
1723 892
1724 893
1726 894
1727 895
1728 896
1730 897
1734 898
1736 899
1741 900
1743 901
1745 902
1746 903
1748 904
1752 905
1754 906
1755 907
1757 908
1759 909
1760 910
1765 911
1771 912
1773 913
1774 914
1777 915
1778 916
1779 917
1780 918
1781 919
1782 920
1783 921
1789 922
1791 923
1792 924
1793 925
1794 926
1795 927
1797 928
1799 929
1800 930
1801 931
1802 932
1804 933
1806 934
1809 935
1813 936
1814 937
1816 938
1818 939
1819 940
1821 941
1822 942
1824 943
1825 944
1826 945
1827 946
1830 947
1831 948
1832 949
1835 950
1838 951
1842 952
1844 953
1845 954
1846 955
1848 956
1850 957
1851 958
1852 959
1855 960
1856 961
1858 962
1860 963
1861 964
1865 965
1869 966
1871 967
1874 968
1875 969
1877 970
1879 971
1880 972
1881 973
1882 974
1883 975
1885 976
1887 977
1889 978
1890 979
1894 980
1895 981
1896 982
1898 983
1899 984
1900 985
1904 986
1907 987
1908 988
1909 989
1910 990
1911 991
1914 992
1917 993
1919 994
1920 995
1922 996
1925 997
1926 998
1928 999
1929 1000
1931 1001
1934 1002
1935 1003
1938 1004
1941 1005
1942 1006
1944 1007
1946 1008
1947 1009
1950 1010
1951 1011
1954 1012
1957 1013
1958 1014
1962 1015
1963 1016
1964 1017
1965 1018
1968 1019
1969 1020
1971 1021
1972 1022
1973 1023
1974 1024
1975 1025
1977 1026
1978 1027
1981 1028
1984 1029
1989 1030
1990 1031
1992 1032
1993 1033
1994 1034
1995 1035
1996 1036
1999 1037
2000 1038
2003 1039
2007 1040
2009 1041
2010 1042
2013 1043
2014 1044
2016 1045
2017 1046
2018 1047
2019 1048
2020 1049
2021 1050
2022 1051
2024 1052
2027 1053
2029 1054
2030 1055
2031 1056
2032 1057
2036 1058
2038 1059
2039 1060
2042 1061
2043 1062
2046 1063
2047 1064
2048 1065
2053 1066
2054 1067
2055 1068
2058 1069
2060 1070
2061 1071
2062 1072
2066 1073
2067 1074
2068 1075
2069 1076
2071 1077
2076 1078
2077 1079
2079 1080
2081 1081
2087 1082
2088 1083
2091 1084
2092 1085
2093 1086
2094 1087
2095 1088
2096 1089
2099 1090
