0 0 1 2 3
1 5 6 7 8 9 10 11 11 12 13 13 14 15 16 17 18 19 20 21 22 23 24
2 26 27 28 29
3 31 31 6 32 33 34 10 35
4 37 38 39 40 41
5 43 44 45 46 47
6 22 48 49 50
7 52 53 54 55 56
8 57 58 59 27 60 61 62 63 64 65 65 66 66
9 68 69 70 71 72 73 74
10 0 76 1 2 37 77 78
11 80 81 82 83
12 33 9 85 86 87 88 89 90 91
13 92 93 94 89 95 96 97
14 99 100 101 37
15 102 11 11 8 103 104 105 20 106 76 107 18 108
16 109 27 110 111 112 113 98
17 114 9 115 115 116 116 117
18 119 13 13 120
19 122 122 123 26
20 125 125 126 127 128 129 129 130 131 132 121 18 133 134 135
21 136 137 137 138 139
22 141 142 143 144 145 146 147 18
23 149 18 150 151
24 152 153 101 154
25 156 157 16 77
26 58 64 136 158
27 53 55 54 56
28 53 55 54 56
29 101 62 159 160
30 162 124 132 163 164 165
31 166 167 168 17 169 107 170 18 171 172 134 155 173 174 175 176 177 178 179 180
32 9 182 182 116 116 166 183 184 17 185
33 104 87 187 188 189
34 65 65 66 66
35 106 192 74 193
36 195 196 197 198 199 188 200 201
37 202 203 28 204
38 27 206 207 208
39 209 2 77 4
40 211 212 213 97
41 215 6 115 115 183 85 216 217
42 219 220 221 222 223 224 225 226
43 192 228 59 229 230 231 200 232 233 208 80
44 81 81 75 75 81 75 235
45 53 55 56 54 56 53 55
46 196 236 237 238
47 240 240 241 241 33 242 242 182 243 244
48 53 55 54 56
49 245 246 172 161
50 247 248 249 250 251 252
51 53 55 54 56
52 53 55 54 56
53 253 254 255 256 12 243 104 105 149 257 258 188 259 260 261 201
54 195 237 263 264 111
55 10 116 116 171
56 267 268 269 270 271 272 273 274 275
57 276 137 137 277 278 279
58 164 89 281 282 205 101 189 261 175 218
59 284 285 286 286 250 241 287 288 196 170
60 222 226 223 220 227
61 289 37 290 291
62 53 55 54 56
63 101 278 0 292 293
64 295 60 253 296 297 298 299 300 301 302 303 304
65 306 307 308 309 266 232 310
66 53 55 54 56
67 312 313 312 313
68 314 3 155 177
69 53 55 54 56
70 53 55 54 56
71 169 10 281 112 204 316
72 318 318 93 319 18 320
73 321 322 323 324
74 7 306 126 236 307 325 258 200 326 327 328 329
75 331 276 332 333 334
76 241 241 33 335 121 132 164 115 115 163
77 254 337 337 166 147
78 137 137 338 45
79 24 340 175 4
80 341 342 89 343 344 147
81 345 345 346 347 280 348 349
82 350 0 351 211
83 306 352 307 150 325 147
84 128 31 31 123 33 354
85 355 287 356 203 96 357 358
86 360 361 293 362 79
87 155 54 56 56
88 365 212 29 97 366 367
89 151 368 338 369 173 370 118 148 371
90 184 202 372 373 101
91 184 96 20 122 110 281
92 212 28 365 26 321
93 61 131 110 165
94 374 61 189 359
95 53 55 54 56
96 376 13 13 377 378
97 66 66 92 13
98 379 37 370 94 380
99 331 4 381 353 362
100 74 383 384 385 386 387
101 389 368 390 218 178 391
102 7 392 143 196 170 258
103 235 212 97 48
104 373 107 393 99
105 395 395 163 356 27 396
106 397 398 164 232
107 224 223 227 220
108 399 400 400 401
109 53 55 54 56
110 53 55 54 56
111 402 402 403 404 177
112 346 92 405 93
113 250 335 407 408 266
114 29 410 45 74 367
115 134 411 412 74
116 53 55 54 56
117 310 37 406 405 346 348
118 197 413 23 113 414 233 118
119 416 352 236 103 199 369 417 418
120 321 316 98 382
121 53 55 54 56
122 417 90 420 421 108 49 24
123 157 66 64 66
124 423 389 111 424 185 37 425 189
125 306 426 408 15 20 95 188 326 427 48 428 429
126 43 212 97 29 430
127 431 432 433 434 316
128 355 435 250 251 287 27 203 20 357 169 380 436
129 408 357 264 150 37 188
130 6 247 13 13 104 203
131 295 60 300 341 297 254 437 438 439 440 301
132 269 314 361 191
133 382 101 365 74
134 264 403 155 404
135 53 55 54 56
136 237 132 443 390
137 410 444 310 445
138 37 39 446 179 447 83
139 448 416 121 354 76 188 427
140 124 449 450 371
141 227 220 224 223 225 222 219 226
142 452 21 205 390
143 155 431 454 455
144 457 458 153 124 210
145 459 321 2 434 77 316
146 461 67 462 29
147 463 137 463 137
148 382 321 98 465 137 276
149 125 125 10 86 107 199 118
150 136 156 144 230
151 53 55 54 56
152 85 197 467 428
153 145 113 233 181
154 151 18 325 185 48 51
155 53 55 54 56 56 264 165
156 53 55 54 56
157 53 55 54 56
158 469 470 64 65
159 256 143 280 43 462
160 471 472 117 458 186 69 378 473 336 474 172
161 60 298 475 119
162 224 452 72 445 476
163 477 393 394 478 113 233 260 283 179 262
164 479 480 374 33 481
165 482 483 484 407 197 15 132 307 163 203 36 356 157 110
166 8 120 73 425
167 486 114 116 116 192 487 183 485 488 489 19 490 365 464 473 491 420 492
168 494 249 495 251
169 496 427 390 23
170 53 55 54 56
171 53 55 54 56 56
172 241 241 240 240 255 251 237 264 399 18 472
173 321 101 98 430
174 159 280 24 498 148
175 241 241 122 122 121 146 499
176 500 116 116 247 501 392 120 85 309 502 477 121 503 504
177 247 32 33 248 116 11 116 11 121 49
178 20 18 452 390 24 233
179 505 505 505 151
180 272 145 147 320 294
181 249 115 115 166 335 195
182 53 55 54 56
183 507 122 122 31 392 121 203 88 490 508 49
184 509 509 480 6 168 247 248 487
185 241 241 357 427 436
186 99 310 380 75 363
187 36 443 147 358 409 419 118
188 53 55 54 56 56 98
189 99 510 133 321
190 103 163 352 203 110 265 88 503 239 21 481
191 264 321 403 77
192 365 70 212 321 360 188
193 512 60 513 240 240 31 31 242 242 109 352 343 357 16 444 329 371 391
194 33 249 502 408
195 64 61 109 150 471 399 514 232
196 515 124 165 47
197 28 230 320 314 294
198 60 112 430 361 363
199 241 241 507 125 122 125
200 143 264 164 424 185 201
201 516 13 13 490 517
202 53 55 54 56
203 13 13 68 518 53 55 56 56 54 55 53 54 54 55
204 426 519 520 368 18 216
205 53 55 54 56
206 521 521 139 140
207 196 87 8 417 421 22
208 523 524 398 345
209 114 525 364 260
210 306 163 502 20 264 164 103
211 126 326 113 173
212 526 58 125 125 195 15 378 308 288 527 519
213 37 320 310 174
214 365 200 321 25 233
215 114 116 116 520
216 520 86 257 34 443 112 390 517 328 317 118
217 53 55 54 56
218 482 2 238 99 528 27 4
219 53 55 54 56
220 509 509 507 494 495 251 240
221 529 232 428 362 530
222 99 532 533 310 534 161
223 66 66 98 536 537 192 347
224 154 155 538 74
225 236 504 198 173 148
226 53 55 54 56
227 367 518 37 363
228 540 214 541 430
229 542 543 544 387 545 546 455 134 547 548
230 69 59 550 57 61 551 142 377 27 458 552 230 410 553 230 230 231 344 554
231 227 219 221 220
232 365 212 28 97 430
233 503 1 2 258 77
234 131 53 54 55 56
235 529 1 134 555 155
236 513 509 509 241 241 240 240
237 53 55 54 56
238 101 37 81 447
239 193 385 431 194
240 376 557 557 558 558 192 191
241 53 55 54 56
242 53 55 54 56
243 101 444 39 363
244 286 286 114 13 13 192
245 93 238 230 559
246 225 451 560 222 226 224 125
247 558 558 485 389
248 196 354 18 258 24 445 358
249 101 145 365 308 290
250 104 187 428 370 317 201
251 434 320 316 444 268
252 53 55 54 56
253 69 477 561 365
254 521 563 563 521 101 402 402
255 564 564 280 28
256 53 55 54 56
257 53 55 54 56
258 53 55 54 56 56
259 298 480 69 57 59 550 61 565
260 295 253 298 301 566 192
261 277 2 230 77 4
262 567 552 29 568 569
263 296 345 345 123 571 571 96 110 525
264 268 198 434 316 207 353
265 136 573 489 13
266 426 265 51 189
267 101 380 30 161
268 53 55 54 56
269 62 574 147 390
270 567 458 124 554
271 53 55 54 56
272 136 168 500 237 20 575 490
273 402 402 307 105
274 53 55 54 56
275 59 202 236 86 576
276 267 65 489 65 192 268 434
277 165 80 382 27 446
278 578 364 436 208
279 194 455 412 387 545 579 548 456
280 198 321 165 339
281 265 264 205 353
282 561 503 415 178
283 53 55 54 56
284 144 281 499 231
285 119 583 583 551 0 365 268 584 434 321 97 585 586 367 587 75 441 493
286 7 126 248 495
287 5 509 509 242 242 309 87
288 494 7 9 115 115
289 120 351 211 213
290 454 155 383 161 591
291 390 453 593 468
292 53 55 54 56
293 53 55 54 56
294 482 149 163 308 164 186 336
295 53 55 54 56
296 40 594 446 290
297 53 55 54 56
298 553 165 310 291 75 101 595 79
299 53 55 54 56
300 53 55 54 56
301 318 318 346 251 280 94 294 445
302 53 55 54 56
303 134 403 538 37
304 53 55 54 56
305 58 156 511 133
306 293 444 596 74
307 94 321 294 62
308 184 520 163 389 372 112 50 311
309 53 55 54 597 597 267 192 13 13 598 598 0 1 434
310 36 281 108 466 259 24 49
311 123 247 34 199
312 599 495 134 414
313 53 55 54 56
314 53 55 54 56
315 600 13 601 13
316 17 369 572 364 415
317 494 7 126 10 482 501
318 602 516 58 158 158 601 601 139
319 430 294 589 214
320 604 0 532 533
321 10 250 519 184 394 48 155 134
322 498 264 269 237 446 403 81 291 572
323 43 308 212 343 101 214
324 242 242 588 578 29
325 53 55 54 56
326 224 223 220 227 219
327 426 527 27 237 352 50 364
328 70 212 360 101 444
329 125 286 125 286 34 251
330 6 9 8 103 105 236 88 20 19 378 138 393 199 605 266 91 23 24
331 606 607 193 387
332 608 27 365 321
333 53 55 54 56
334 460 532 430 268 133 270 535
335 76 320 360 294 339
336 191 457 97 594 28 559
337 29 320 134 294
338 223 220 227 219
339 588 335 111 139 140
340 60 509 509 230 344
341 58 114 13 13 487
342 53 55 54 56
343 53 55 54 56
344 288 389 393 281 107
345 62 610 321 77 4 61
346 355 612 115 115
347 306 166 143 477 613 18 252 186
348 99 37 430 380
349 372 145 472 187 259
350 460 446 73 518
351 192 484 244 614 615 273 370 428 616 180
352 0 1 617 552 2 567 98 77 618 4 310
353 480 115 115 32 231 424
354 1 2 27 0
355 33 249 619 619 115 115 578 482
356 124 580 579 620 621
357 249 393 145 282 290 199 187 258 101 24
358 0 365 321 293
359 483 501 184 104
360 58 64 622 469 286 286 62 623 13 13 192 69 484 230 552 624
361 265 449 198 471 204 626 627
362 312 312 125 125 356
363 581 321 77 382
364 53 55 54 56
365 628 568 629 322
366 112 147 310 447
367 182 182 517 340
368 53 55 54 56
369 630 631 101 585 632
370 633 93 45 586
371 164 365 310 339
372 634 634 164 418 443 252 205
373 69 230 231 446 61 192 410 230 624 230
374 101 112 394 51
375 401 401 401 401
376 116 116 487 96
377 28 132 321 27
378 53 55 54 56
379 526 64 635 13 13 635 274 65 65 9 8 636 120 183 12 462 104 377 357 263 105 19 637 490 504 87 491 257 35 638 421 518 605 147 259 112 508 427 91 232 49 24 328 260 478 324 4 84 262
380 604 77 4 134
381 149 364 173 311 582 189
382 146 101 112 326 327
383 286 286 639 449 265 69 22 445 81 283
384 455 511 383 172 591
385 225 227 220 86 496
386 101 258 445 568
387 137 137 6 376 115 115 501 202
388 117 282 205 364 25
389 408 111 613 88 146 393 147 427
390 640 124 321 417
391 594 446 410 310
392 597 597 642 642 267 61 142
393 643 644 305 524 465 126 168 32 274 34 483 377 449 427 325
394 515 599 97 430
395 348 541 268 44 45
396 645 645 29 321
397 351 230 518 213 270
398 53 55 54 56
399 53 55 54 56
400 85 434 191 641 77 344 191 456 134 382 522
401 114 192 228 170 467 415
402 109 520 95 290 648
403 132 164 124 232
404 110 650 360 29 414
405 92 349 347 174
406 96 369 188 207 530
407 242 242 443 336 478
408 122 122 31 31 23 380 328
409 211 101 213 321 351 651
410 215 507 123 247 32 11 11 487 114
411 652 232 207 148 236 263 75
412 53 55 54 56
413 287 653 10 309 36 89 95 368 443 146 145
414 53 55 54 56
415 537 8 170 16 420 184 290 252 207 445
416 654 655 376 192 228 656 57 61 485 471 429
417 64 657 657 122
418 264 200 453 339
419 658 172 659 239
420 612 166 561 503 624 525 98 260 661
421 662 319 239 421 427 44 367 80
422 502 365 147 436
423 162 165 442 210
424 123 34 32 9 150 358 81 78
425 464 265 42 391
426 361 434 124 165
427 64 114 663 192 373
428 17 472 648 252 205
429 53 55 54 56
430 599 435 27 132 264 107 124
431 480 31 31 121 236 575 529 605 428
432 43 238 365 70 29
433 333 509 509 495 106 105
434 120 352 196 417 21
435 407 199 72 414
436 392 408 373 605
437 335 132 504 273 117
438 170 37 124 327 23
439 355 588 436 178
440 664 306 501 111 268 434
441 258 216 134 308 30 39 665
442 53 55 54 56
443 125 125 6 114 10 98
444 37 666 363 339
445 53 55 54 56
446 33 36 357 281 196
447 159 308 461 321 77 651 4 474
448 29 161 339 112
449 389 124 14 165
450 507 500 22 50 311 175
451 53 55 54 56
452 53 55 54 56
453 53 55 54 56
454 53 55 54 56
455 53 55 54 56
456 480 34 26 561
457 513 248 249 416 485
458 625 207 446 410
459 408 307 308 203 96 89 95 281 145 87 472 417 421 452 21 589 157 370 414 364 175 234
460 321 124 430 98
461 101 396 367 161
462 53 55 54 56
463 31 31 507 168 115 115 182 182 202 452 21 23
464 263 238 87 357 514 552 503 117 153 205 508 394 327 340 98 317 179
465 43 667 365 212
466 68 577 269 230
467 482 520 196 519 417 112 403 328 316
468 570 491 1 101 40
469 53 55 54 56
470 37 41 310 38
471 1 464 595 2
472 69 57 59 550 61 36 37
473 53 55 54 56
474 251 588 243 68 163 90 421 112 270
475 211 97 590 430 381
476 303 27 668 655 339 74
477 572 659 172 405 585
478 27 572 403 520 147
479 93 319 44 45
480 111 496 199 282 216 325 403 336
481 346 132 162 289
482 571 571 502 346 92 319 396 44 294 46 45 367
483 374 480 122 122
484 246 290 40 101 37 245
485 13 13 273 454
486 151 111 613 529 146 420 252 370 189 582 419
487 412 670 194 671
488 94 320 446 294
489 101 362 431 607 543 544
490 411 387 546 134 542 388 673 74
491 101 115 251 115
492 674 551 26 498
493 122 122 112 48
494 184 70 533 360
495 53 55 54 56
496 53 55 54 56
497 11 11 237 502 88 48
498 225 222 224 226 223 220 219
499 53 55 54 56
500 216 270 675 676 460
501 53 55 54 56
502 567 677 18 29
503 137 137 678 678 679 321 147 446 271 572 382 607
504 240 240 241 241 123 168 10 115 115 416 565 182 202 578 15 373 605 427 139 140
505 321 280 464 448
506 480 374 123 495
507 18 101 340 428 189 419 680 234
508 212 97 45 214 447
509 53 55 54 56
510 195 76 503 648 147 266 394 627
511 681 335 111 243 173
512 501 109 352 27 399 349 111 682 320 294
513 386 542 194 455
514 53 55 54 56
515 683 122 122 601
516 440 509 509 242
517 53 55 54 56
518 368 187 186 266 207 467
519 17 144 503 325 427
520 684 684 269 206 403
521 685 685 183 498 101
522 455 412 134 621 542 193 686 74
523 88 503 424 185 266 336 641
524 567 687 101 611 382
525 197 196 76 108
526 101 211 658 213 310
527 276 374 505 500 182 182 109 488 198 369
528 469 64 635 635
529 159 310 290 39 99 37
530 5 374 122 122
531 438 438 60 296 688 253 475
532 612 496 22 266 650 390 207 49
533 443 21 258 627 261 311
534 128 689 635 635
535 66 65 66 65
536 365 61 28 99 29
537 58 114 487 139
538 53 55 54 56
539 168 247 159 248 13 13 287 132 372 21 22 328
540 662 265 464 675
541 515 416 335 110 648 231 187 336 205 72 23 232 425 233
542 242 242 612 487 378 239 419
543 690 268 575 525
544 131 22 366 269 328
545 518 584 461 42 362
546 4 0 1 29
547 306 126 482 166 163 352 169 237
548 296 513 691 674
549 314 692 554 191
550 360 213 533 293 534
551 510 133 659 572
552 290 29 147 321 98
553 693 693 321 294 260 324 362 178
554 134 101 310 339 161
555 464 502 694 695 37 260 696
556 145 18 627 476
557 53 55 54 56
558 537 170 575 391
559 149 392 488 357 420
560 7 488 144 36 399 449 514 472 90 231 153
561 345 345 318 318 697
562 17 87 369 648 124 326
563 638 472 452 259 22 139 140 49 481 414 208 582 189 419 217 359 311 616
564 106 490 90 417 421
565 164 124 165 404
566 62 698 698 33
567 356 414 419 680 330 201 179 234
568 53 55 54 56
569 29 97 559 310 45
570 86 17 421 50
571 53 55 54 56
572 1 290 101 321 533 363
573 93 212 528 346
574 53 55 54 56 56 430 325
575 53 55 54 56
576 93 319 134 45
577 53 55 54 56
578 449 153 360 2 75
579 501 679 100 399
580 699 397 700 700 365 77
581 400 400 358 565
582 101 659 510 380
583 170 89 310 176
584 487 520 701 615
585 53 55 54 56
586 53 55 54 56
587 401 401 101 161
588 529 186 403 336 124 508 582 81 311 616 531 530 391
589 213 270 211 534 460 590 381
590 53 55 54 56
591 53 55 54 56
592 137 137 365 124 98 382
593 168 247 182 182 426 488 477 85 499 418
594 249 678 678 133
595 126 184 103 428
596 494 126 250 484 183 100
597 240 241 240 241 425 467 260
598 53 55 54 56
599 331 278 198 157 293 260 611 559
600 147 200 326 327 232
601 703 566 125 125 355 494 7 435 500 10 182 653 407 103 399 230 467 530
602 256 111 365 682 432 321 306
603 221 223 227 220
604 495 416 588 477 369 153 37 326 572
605 164 124 165 237
606 532 533 77 425 364
607 172 134 686 161
608 144 584 301 77
609 355 407 352 186 403 370 218 329 391
610 293 360 533 611 4 70
611 250 487 392 519 14 157
612 137 137 37 321 98 380 382
613 65 65 138 66
614 373 71 154 101 380
615 373 504 378 257 393
616 53 55 54 56
617 310 294 161 339
618 53 55 54 56
619 250 704 678 677 678 705
620 251 183 653 335 144 104 307 252 23 51 425 217
621 237 204 429 380
622 53 55 54 56
623 399 100 155 98
624 443 429 478 460
625 53 55 54 56
626 613 402 155 402 671 633
627 419 616 81 175 362 78
628 53 55 54 56
629 344 134 659 572 441 591
630 435 115 115 499 90 421 147
631 99 57 61 37
632 331 280 198 503 665
633 621 155 620 707 686
634 64 365 430 321 98 708
635 255 286 286 6 33 123 115 115 247 335 238 365 519 70 168 648 97 534
636 121 389 488 104 238 399
637 292 292 667 43 365 212 97 430
638 68 307 86 257 368 239 650 139 140
639 709 709 67 122 122 416 519 110 207
640 506 26 365 27 28 212 444
641 147 361 373 446 275
642 290 555 310 707 193 390
643 306 612 166 150 613
644 53 55 54 56
645 251 343 629 584
646 53 55 54 56
647 53 55 54 56 56
648 519 18 101 425 414 80
649 53 55 54 56
650 53 55 54 56
651 274 698 698 61 279 314
652 306 501 202 197 96 143 648 421 37 200 178 702
653 158 158 65 65 66 66 647 356 701 117 281 452 139
654 286 286 654 62 710
655 675 593 232 409
656 255 33 249 248 115 115 483
657 602 623 509 509
658 490 35 66 66 517
659 33 114 7 248 9 251 11 11 121
660 99 101 231 436
661 515 202 407 111
662 117 290 420 72 316
663 711 57 61 502 377 694
664 712 36 107 648 147
665 248 346 192 138
666 166 243 89 101 429 161
667 211 29 213 321 165 713 410 339 75
668 25 294 317 311 283
669 236 449 368 108 200
670 123 126 9 483 230 445 415 363 362
671 495 588 426 195 20 273 420
672 250 251 243 502 520 368 101 37 336 390 233 148
673 17 359 234 181
674 53 55 54 56
675 136 13 13 114 11
676 53 55 54 56
677 377 504 4 330 181
678 480 32 588 170 575 308 150 37 429 148 283
679 230 314 191 61 554
680 124 98 430 714
681 92 73 651 294
682 0 532 360 533 74 611
683 88 715 329 78
684 623 64 483 389 20 281
685 440 688 550 457
686 308 488 144 503 417 239 101 680 582 530 531
687 273 496 90 171 421 466 140 139 207
688 513 62 534 535
689 365 269 473 124
690 716 333 717 717
691 482 514 327 626 714 294 339
692 248 10 188 631 316
693 53 55 54 56
694 386 542 194 455
695 578 105 170 138 169 239 290 420 273 18 124 650 85 407 425
696 583 144 502 95
697 53 55 54 56
698 53 55 54 56
699 53 55 54 56
700 114 115 115 701 139 140 25
701 53 55 54 56
702 53 55 56 54 56 55 54 53 56
703 651 98 213 321
704 507 247 163 149 164
705 53 55 54 56
706 578 377 373 28
707 296 426 105 529 478 81 172
708 53 55 54 56
709 61 656 29 245
710 164 72 390 23
711 719 154 431 155
712 62 343 101 380
713 170 282 648 70
714 137 137 212 97 430
715 389 163 144 471 720 476
716 132 76 477 207
717 137 137 241 241 13 13
718 132 403 336 124
719 355 247 34 116 116
720 721 588 243 472
721 413 14 668 235 57 70 503 259 51 429 429 444 310 445 380 41 429 54 53 55 39 38 531 530 522 134
722 53 55 54 56
723 165 77 4 569 210 74
724 722 722 61 687
725 652 567 694 461 290
726 144 134 124 231
727 250 521 521 724 724 263
728 240 240 448 557 557 142
729 92 402 402 725 94 44 29 320 294 165 367 441
730 66 66 65 65
731 53 55 54 56
732 125 125 392 273
733 623 337 337 62 66 66
734 27 29 321 175
735 99 39 455 431 387 161
736 379 154 310 680
737 443 452 478 328 261
738 153 466 525 508 330 80
739 13 13 61 280 356 365 536 536 562
740 331 119 250 59
741 235 110 516 690
742 726 664 240 240 255 33 9 483 86 17 449 514 499 289 153 478
743 394 23 24 233 14 422 415
744 53 55 54 56
745 365 44 310 45 161
746 500 357 477 575 143 307 121 561 418
747 727 101 444 191 380
748 276 137 137 280 98
749 637 206 315 98
750 53 55 54 56
751 154 719 455 74 456 673
752 389 89 95 328
753 53 55 54 56
754 62 621 607 193
755 101 97 98 382
756 89 357 589 391
757 525 641 627 363
758 655 242 242 10
759 215 5 286 286 115 115 242 242 373 507 247 123
760 618 526 213 77
761 509 509 374 7 249 182 182 9 486 287 61 169 5 418 290 199 325 317 81
762 387 549 672 542
763 487 27 15 325 21 139 140 233
764 53 55 54 56
765 53 55 54 56
766 728 45 714 188 729 729
767 509 122 509 122
768 230 290 29 344 101
769 53 55 54 56
770 515 109 370 133 383
771 53 55 54 56
772 567 1 310 4
773 43 230 212 97 715
774 365 97 430 214
775 453 147 173 390
776 647 114 229 142 661
777 430 611 79 382
778 116 116 243 452 204 50 328
779 320 147 72 666 436 207
780 518 101 316 79 434 530 531 531
781 274 258 380 79
782 303 335 501 202 354 111
783 103 26 28 18 425
784 5 6 182 182
785 53 55 54 56
786 518 434 315 98
787 305 524 523 423 247 126 163
788 86 236 308 418
789 730 319 44 323 92
790 131 79 81 175
791 193 728 134 707
792 65 65 491 632 325 492
793 7 416 477 18 207 201
794 110 96 365 561
795 18 101 29 731
796 53 55 54 56
797 503 171 369 452 390
798 225 222 226 224 223 220 227 219 221 560
799 61 213 79 363
800 316 434 27 268
801 401 401 637 323
802 733 733 733 733
803 62 734 43 351
804 225 32 663 8 565 120 12 105 490
805 109 288 520 490 153 108
806 17 89 173 468 148 453 735 329
807 103 132 106 575 150 111 613 378 239 443 153 605 147 187 22 508 650 72 390 48 207 49
808 53 55 54 56
809 213 77 651 381
810 634 634 296 145
811 134 385 686 736 544 386 737 543
812 92 343 320 294 29
813 142 58 738 116
814 240 240 242 242 605 24 71 118
815 57 365 230 212 344 314 97 321 430 81 214 283
816 53 55 54 56
817 644 523 31 31 125 125 26 739 216 37 508 427 429 380 358
818 53 55 54 56
819 460 275 365 576 212
820 644 109 578 352 22 358 340
821 66 66 495 342 159
822 53 55 54 56
823 332 346 740 345
824 125 125 123 507
825 240 240 159 230
826 170 20 239 650 317
827 253 11 11 697
828 678 678 705 511
829 365 584 321 98
830 86 198 358 415 522
831 410 154 155 386
832 709 122 741 709 122
833 377 504 561 153 605 627
834 301 302 513 655 480 123 10 578 203 88 21
835 134 412 549 74
836 53 55 54 56
837 137 240 240 137 122 122 242 242 408 145
838 182 182 120 259 390 445
839 149 106 499 153 48 217 391 201
840 13 13 192 179
841 53 55 54 56
842 273 171 418 290 199 282 216 443 252 605 188 186 508 91 394 390 140 139 232 24 207
843 53 55 54 56
844 495 482 143 172 291
845 286 286 122 122 11
846 354 701 147 205 48 232 425
847 693 693 26 464 695 584 742
848 355 307 238 18 496 146 443 153 108 466 258 22 72 48
849 209 276 346 320
850 53 55 54 56
851 300 688 215 5 31
852 743 602 623 509 509 123 157
853 53 55 54 56
854 137 137 280 26 365 28 464 321
855 37 155 607 161
856 72 24 340 233
857 615 321 365 430
858 238 111 368 605
859 439 60 296 566 250 565 648 147 390 48 24 328 317 283
860 53 55 54 56
861 500 109 373 149 236 287
862 53 55 54 56
863 32 6 541 103
864 53 55 54 56
865 106 99 648 466
866 249 10 203 87
867 534 460 430 214
868 53 55 54 56
869 473 360 574 293
870 216 692 385 382 165 74
871 377 537 309 369
872 18 101 165 294
873 300 29 143 436
874 159 99 701 144 37 380 363
875 464 629 98 324
876 479 744 515 165 210 310
877 53 55 54 56
878 461 321 212 430
879 306 588 352 575 648 188
880 601 601 196 96 107 273
881 1 2 0 554 77
882 53 55 54 56
883 147 155 317 148
884 29 705 287 528
885 6 653 372 95 110
886 355 195 288 196
887 440 5 374 31 31 242 242
888 116 116 14 21 258 91
889 631 310 46 161
890 163 269 347 176
891 241 241 435 507 247 6 168 182 116 116 9 287 308
892 36 198 124 358
893 480 374 123 537
894 352 399 432 584
895 306 435 166 426 335 264 170 613 265 236 273 420 216 443
896 122 122 126 407 78
897 656 293 581 590 381
898 64 53 54 55 738 13 13 192 143 121 613 647 20 239 369 317 582 84
899 543 736 412 134 665
900 53 55 54 56
901 426 132 307 96 48 24 51 79 391
902 130 389 257 316
903 53 55 54 56
904 53 55 54 56
905 336 403 91 72 139 140 23 232 476
906 241 241 240 240 588 109 87 243
907 700 700 656 61
908 215 5 7 519
909 53 55 54 56
910 14 95 427 390 217
911 225 222 226 224 223 220
912 53 55 54 56
913 276 321 360 77
914 14 155 370 154
915 5 745 745 241 241 480 721 721 507 34 168 146 417
916 69 57 59 61 656 183 232 375
917 246 101 134 444 543
918 52 26 561 28 418
919 320 367 92 93
920 479 137 137 507 500 251 365 369
921 253 285 439 299 284 743 438 297
922 109 746 746 308 163 169 273 199 186 124 646
923 747 5 559 17
924 53 55 54 56
925 743 602 623 601 601 10 661 81
926 647 321 572 135 294 232
927 276 691 277 674 202 104 238 529 502 436
928 212 97 43 214
929 636 338 232 409 175
930 53 55 54 56
931 110 0 1 36
932 255 168 13 13 490
933 565 471 198 514 419 311
934 345 345 395 395 241 241 374 346 403
935 332 251 92 70 95 231 44 457 98 294 380 339
936 321 101 98 365 308 680
937 748 748 557 557 749 131 62 565 578 509 509 750 12 751 751 197 477 170 393 257 290 418 51
938 53 55 54 56
939 168 527 96 117 239 207
940 53 55 54 56
941 325 154 172 572
942 225 222 226 224 223 220 227
943 134 707 193 752 621 543 736
944 166 426 408 149
945 53 55 54 56
946 125 125 240 240 17
947 53 55 54 56
948 56 56 53 55
949 122 122 507 480 116 116 653 14 95 197
950 571 571 694 666
951 500 494 529 188 445
952 124 124 289 314
953 246 446 290 101
954 101 2 444 161 1
955 32 31 31 243 413 10 378 117 472 77
956 53 55 54 56
957 251 416 287 150 380
958 643 687 278 377 378
959 612 86 106 281
960 230 541 518 434 316 275
961 343 246 101 428 737 412 474 62
962 101 191 518 444
963 306 11 11 115 115 482 653 87 314
964 667 365 212 430
965 5 197 307 110 263 399 104 338 626 204 336 113 511
966 753 753 335 219 227 264
967 53 55 54 56
968 647 104 488 393 145 338
969 683 578 418 425 79 81
970 166 109 426 116 116
971 0 308 27 754 458 3 569
972 53 55 54 56
973 61 755 334 232
974 53 55 54 56
975 212 365 321 77
976 315 316 381 508
977 124 129 129 450 165
978 89 449 145 48
979 34 256 578 484 392 144 309 561 319 393 259 320
980 500 377 20 205
981 486 62 321 98
982 33 9 182 182
983 17 238 121 77 260 178
984 183 195 413 589
985 86 20 31 263
986 29 44 101 382
987 115 115 483 132 68 443 421 21 204
988 355 120 407 501 495 335
989 53 55 54 56
990 618 453 294 45
991 346 251 92 203 308 561 720 290 51 436 641 260 261 175
992 216 443 22 390 48
993 101 567 28 38
994 373 37 310 161
995 53 55 54 56
996 321 98 134 686
997 53 55 54 56
998 53 55 54 56
999 321 191 74 134
1000 621 707 607 193
1001 6 34 354 653 407 146 281 153 452 394 429
1002 560 223 221 220
1003 743 602 740 276
1004 53 55 54 56
1005 53 55 54 56
1006 399 16 146 91
1007 756 756 514 584 742 178
1008 53 55 54 56
1009 314 692 624 134
1010 306 126 537 266 118
1011 280 687 62 486 308 101
1012 53 55 54 56
1013 53 55 54 56
1014 709 709 246 503 572 325
1015 757 757 53 55 56 54
1016 459 132 164 0
1017 53 55 54 56 56 54 56
1018 53 55 54 56
1019 224 125 125 758 112 50
1020 255 6 32 612
1021 351 734 365 211 1
1022 255 250 416 183 57 106 281 146 421 452 24 641 148
1023 726 699 249 143
1024 53 55 54 56
1025 114 373 325 134 314
1026 53 55 54 56
1027 360 213 445 77
1028 649 79 310 364
1029 335 552 134 441 391 364 81 175 329 75 391 80 661 38 82 531 544
1030 144 393 101 427 364
1031 434 213 316 651 734
1032 53 55 54 56
1033 8 426 184 103 471
1034 1 70 0 238 360 2 293 77 611 4
1035 365 532 97 28
1036 487 484 132 144 720 325 650
1037 575 144 258 508 326 50 445
1038 486 308 343 125
1039 53 55 54 56
1040 53 55 54 56
1041 501 100 321 98 658 382
1042 759 484 377 368
1043 53 55 54 56
1044 302 301 179 422
1045 296 298 439 253 740 304 760 622 67 457 377 149 110 230 443
1046 36 257 273 420 648 171 90 282 443 421 466 112 37 266 48
1047 526 65 65 489 348 490 349
1048 429 98 362 391
1049 644 449 314 344 429
1050 571 571 159 69
1051 600 759 664 119 655 241 241 597 597 435 34 250 182 182 249 449 184 519 701 106 120 504 418 204 22 403 205 48 51 77 370 311 4 218 371 330 262
1052 716 64 717 717 192 228 573 157
1053 99 321 37 651
1054 198 720 188 217
1055 35 361 325 316 79
1056 695 209 137 137 256
1057 240 240 241 241 86 399 110 199 200 650 327 48
1058 334 334 376 483 75 493
1059 711 761 761 67 551 235
1060 509 509 240 240 123 242 242 168 247 34 182 287 413 107 368 720 153 232 24
1061 349 608 76 134 570 46
1062 44 45 570 570
1063 105 19 138 35 638 139 140 24 50 201 179
1064 53 55 54 56
1065 66 66 489 138 321
1066 308 101 320 339
1067 319 197 533 453
1068 66 684 66 684 156 26
1069 63 33 500 120
1070 53 55 54 56
1071 602 64 66 65 66
1072 740 486 333 495 165
1073 762 505 125 125 342 274
1074 155 73 210 570
1075 42 669 606 546 455 155
1076 53 55 54 56
1077 355 763 8 578 373 95 364 641
1078 31 31 125 125 308 101 72
1079 53 55 54 56
1080 151 365 584 652 232 358 467 430 310 161 649
1081 137 137 762 125 125 28
1082 53 55 54 56
1083 556 628 764 230 458
1084 37 366 525 79 134
1085 373 107 638 258 394 207 50 364
1086 53 55 54 56
1087 258 188 200 91 50
1088 433 133 74 606
1089 132 352 164 613
1090 132 164 124 165
1091 765 765 675 543 134 607
1092 539 713 444 363
1093 575 648 650 394 425
1094 525 327 627 311 329 371
1095 215 6 435 123
1096 623 215 114 6 115 115 635 635 612 16 425 592
1097 399 152 314 574
1098 276 500 681 131 278 230 1 360 314
1099 395 395 697 158 158
1100 744 236 164 427
1101 10 106 478 113 661
1102 243 354 106 490 638
1103 68 338 514 648 22 97 430
1104 53 55 54 56
1105 494 122 122 68 20
1106 278 238 70 360
1107 308 372 144 149 121 307 485 95 198 393 281 185 481
1108 241 241 374 6 7 249 495 416 263 499
1109 690 308 132 420 216
1110 254 643 512 744 764 333 566 766 759
1111 44 444 45 39 367
1112 53 55 54 56
1113 7 488 288 321 317
1114 109 27 111 263 170 200 508 320 232 24 453
1115 53 55 54 56
1116 747 373 144 153 204
1117 565 477 96 36
1118 542 580 606 387 193
1119 197 145 648 252 187 91 207 375
1120 240 240 255 123 247 32 33 114 11 11
1121 343 147 427 50
1122 14 164 117 452
1123 53 55 54 56
1124 480 482 369 325 605 326 427
1125 288 502 200 627
1126 469 11 11 12
1127 365 101 245 258 39
1128 343 321 27 101
1129 132 164 37 155 310 39
1130 494 33 7 115
1131 68 389 15 236 95 369 648
1132 676 161 362 364
1133 53 55 54 56
1134 29 294 447 339
1135 449 107 496 514 467
1136 81 75 81 75 75 75 235 75
1137 53 55 54 56
1138 421 22 186 650 23
1139 26 365 321 98 155
1140 53 55 54 56
1141 183 485 288 605
1142 7 248 237 504 110 36 472 499 90 421 466 37
1143 711 764 571 571 278
1144 241 241 116 116 27 373 421 49 173 467 260
1145 254 512 397 588 565
1146 343 246 290 101
1147 11 11 86 408 389 95 185
1148 374 6 507 115 115 416 10 287 501 565 163 150 203
1149 764 566 521 521 712 724
1150 53 55 54 56
1151 475 740 700 345
1152 691 634 634 656 195 280 163 325
1153 53 55 54 56
1154 767 699 768 678
1155 769 769 573 413 138
1156 608 212 29 632 160 430
1157 53 55 54 56
1158 355 123 247 306 33 126 166 519
1159 81 83 81 81 81 81 81 80
1160 365 379 314 696
1161 28 44 380 45 366 367 161
1162 37 73 310 161 291
1163 248 368 325 589 650
1164 115 115 10 482 27 578 37 261 329 371
1165 331 250 10 653 308 110 95 144 107 89 338 18 369 443 390 24 50 174 176
1166 241 286 241 286 507 34 250 483 27 525
1167 1 112 98 155
1168 273 199 290 186 403 205 336 124
1169 53 55 54 56
1170 93 319 44 45
1171 168 565 288 372 263 198
1172 131 770 770 34 249 198 496 290
1173 220 560 451 222
1174 143 561 490 35
1175 53 55 54 56
1176 68 103 105 490 20 417
1177 134 386 74 154 592
1178 386 388 579 752 670 383 544
1179 53 55 54 56
1180 53 55 54 56
1181 53 55 54 56
1182 276 540 541 637
1183 342 40 74 80
1184 92 29 44 45 500 399
1185 483 352 504 739 466 112 336 415
1186 300 60 634 634
1187 321 29 106 325
1188 101 380 455 39
1189 99 406 405 310
1190 435 518 135 177
1191 99 37 310 161
1192 79 363 137 459
1193 53 55 54 56
1194 53 55 54 56
1195 53 55 54 56
1196 134 98 310 214
1197 155 538 134 542
1198 506 678 678 365
1199 749 749 61 357 151 258 363
1200 758 237 27 132 47
1201 771 771 565 89 720
1202 107 393 491 420
1203 2 1 0 618 77
1204 121 424 290 185 403 336
1205 595 314 200 370
1206 301 53 55 54 56
1207 445 414 491 269
1208 53 55 54 56
1209 81 75 83 75 81 81 75 83 75 81 75 75 75 83 75 235 81 75 75 441 83
1210 501 86 104 369 589 394 72 113
1211 507 346 528 92 377 238 365 70 2 533 293 460
1212 32 249 9 182 182 487 98
1213 494 7 109 372 15 243 413
1214 762 31 31 125 125 182 101 266 427
1215 53 55 54 56
1216 53 55 54 56
1217 98 511 133 455
1218 683 106 28 147 25 178
1219 308 101 59 766 444
1220 152 310 269 27 379 490 323 325 574 420 191 273 446 290 364 581 75 81 80 160
1221 463 463 209 92 94
1222 542 772 387 544
1223 744 308 138 35 259 363
1224 690 449 496 514 145 472 22 340 41
1225 571 571 660 235
1226 134 155 538 386 620
1227 290 347 539 258 713 310 707 315
1228 380 80 382 594
1229 53 55 54 56
1230 301 643 304 523 303 465 766
1231 256 365 276 277 734
1232 62 343 101 445
1233 612 163 132 164 399 608 150 552 124
1234 541 154 446 660 207
1235 729 729 459 280
1236 486 693 693 277
1237 27 598 598 472
1238 53 55 54 56
1239 631 37 99 317 161 134
1240 53 55 54 56
1241 444 41 310 38
1242 5 241 241 242 125 242 125 72 481
1243 169 403 336 207
1244 168 494 182 182 287 183 144 392 338 525 22 186 124 336 403 48 582 419 189 616 329 391 179 234 181
1245 248 250 588 20 561 198 87 89
1246 268 270 460 275 530
1247 773 773 377 86 35
1248 543 74 728 621 607 707
1249 310 380 39 161
1250 360 714 293 77
1251 13 13 192 228
1252 53 55 54 56
1253 53 55 54 56
1254 53 55 54 56
1255 11 11 142 183 96 238 281 638
1256 53 55 54 56
1257 723 109 426 519 373
1258 423 633 280 62
1259 603 213 270 460 268 381
1260 484 265 529 424
1261 255 6 33 500 249 34 115 182 182 115 166 426 501 15 393
1262 164 230 92 320 124 364 165
1263 695 291 441 214
1264 192 61 655 603
1265 254 240 240 202 10
1266 137 597 700 137 597
1267 53 55 54 56
1268 117 248 326 419 415
1269 230 134 752 542 431 412 383
1270 300 32 20 265 96 70 23 702
1271 346 561 188 44 45 294 730 646 174 339
1272 31 31 435 205
1273 495 89 95 453 155 208
1274 695 464 584 29 280
1275 286 286 6 32 168 116
1276 309 20 22 232
1277 402 402 98 431 455 591 339 384
1278 112 186 24 445
1279 416 256 484 87 268 369 239 539 49 481
1280 5 507 33 495 182 182 426 653 132 407 502 164 95 648 124 650 390 23 641 476 353
1281 53 55 54 56
1282 242 242 14 144 107 281 20 23 139
1283 149 163 237 132
1284 256 365 37 321 98 382
1285 134 386 542 412 544 673 752
1286 603 182 182 378
1287 143 111 88 68 417 21 124 232
1288 53 55 54 56
1289 543 455 673 606 383
1290 136 64 461 192
1291 191 460 61 181
1292 145 434 268 518
1293 575 157 169 273 429 467 233 118
1294 37 270 310 460 275
1295 240 240 120 286 377
1296 345 345 774 774
1297 57 550 59 61
1298 426 12 144 399 24
1299 663 144 157 169
1300 53 55 54 56
1301 629 682 658 454
1302 600 759 8 15 26 20 105 739 110 121 216 676 217 81 218 329 178 375
1303 215 27 257 138 428
1304 296 688 755 643
1305 53 55 54 56
1306 622 280 27 69
1307 610 17 28 147
1308 300 688 341 536 536 192
1309 163 132 162 124
1310 386 45 456 580 606 387 544 367
1311 43 93 625 319 446
1312 513 768 523 13 13 44
1313 332 756 756 62
1314 775 458 464 77 81 135
1315 451 18 452 23 207 429
1316 101 155 165 210
1317 192 641 148 218
1318 306 166 588 163 352 187 453 261 330
1319 776 173 742 686
1320 53 55 54 56
1321 137 137 342 747 506 321
1322 392 89 95 369 207 208 330
1323 53 55 54 56
1324 11 11 416 229 503
1325 777 777 640 365
1326 0 1 360 2 611 325
1327 37 22 204 266 200 650 390 24
1328 377 527 648 216 72 453 467
1329 53 55 54 56
1330 348 503 539 380
1331 459 268 434 267
1332 134 707 193 387 544 384 388 607 580
1333 37 1 380 77 4
1334 125 125 539 713
1335 53 55 54 56
1336 560 451 225 220 227 219
1337 101 321 538 45 412 155 670 511
1338 253 743 602 255 6 247 168 306 500 264 111 356 739 730
1339 237 352 263 18 185 24 49
1340 308 101 37 72 445 380 208
1341 97 28 212 45
1342 243 565 10 106
1343 578 653 408 561 20 81
1344 414 189 582 419
1345 500 126 115 115 166 416 335 110 147 204 22 453 25 371
1346 40 99 37 161
1347 53 55 54 56
1348 120 484 17 164 472 216 147 112 641 419 330 384
1349 101 77 293 445 74
1350 265 417 325 605
